===================== FORWARD MACGNN
user_embedding:  tensor([[ 0.2969,  0.0415, -0.0956,  ..., -0.0580, -0.3408,  0.0166],
        [ 0.2969,  0.0415, -0.0956,  ..., -0.0580, -0.3408,  0.0166],
        [ 0.2969,  0.0415, -0.0956,  ..., -0.0580, -0.3408,  0.0166],
        ...,
        [-0.0764,  0.0217,  0.0288,  ..., -0.3550, -0.0711, -0.0960],
        [-0.0764,  0.0217,  0.0288,  ..., -0.3550, -0.0711, -0.0960],
        [-0.0764,  0.0217,  0.0288,  ..., -0.3550, -0.0711, -0.0960]])
user_1ord_neighbor:  tensor([[  0,   0, 197,  ...,   3,   0,   2],
        [  0,   0, 197,  ...,   3,   0,   2],
        [  0,   0, 197,  ...,   3,   0,   2],
        ...,
        [  0,   0,   1,  ...,   0,   0,   0],
        [  0,   0,   1,  ...,   0,   0,   0],
        [  0,   0,   1,  ...,   0,   0,   0]])
user_1ord_neighbor shape:  torch.Size([865, 21])
user_2ord_neighbor:  tensor([[1466876,  131724,     483,  ...,    2966,       1,       0],
        [1466876,  131724,     483,  ...,    2966,       1,       0],
        [1466876,  131724,     483,  ...,    2966,       1,       0],
        ...,
        [  52875,    5852,      10,  ...,      27,       0,       0],
        [  52875,    5852,      10,  ...,      27,       0,       0],
        [  52875,    5852,      10,  ...,      27,       0,       0]])
user_2ord_neighbor shape:  torch.Size([865, 8])
user_recent:  tensor([[9169, 9147, 9710,  ..., 9607, 7868, 7880],
        [9169, 9147, 9710,  ..., 9607, 7868, 7880],
        [9169, 9147, 9710,  ..., 9607, 7868, 7880],
        ...,
        [1181, 2875, 1204,  ...,    0,    0,    0],
        [1181, 2875, 1204,  ...,    0,    0,    0],
        [1181, 2875, 1204,  ...,    0,    0,    0]])
user_recent shape:  torch.Size([865, 20])
item_embedding:  tensor([[-1.0462e-03,  1.9700e-03, -9.3099e-02,  ...,  1.0208e-02,
         -1.1816e-02,  3.1411e-02],
        [ 6.2438e-20, -1.7458e-18,  1.1303e-18,  ...,  1.1957e-18,
          2.5937e-18, -5.5416e-19],
        [ 1.5247e-18,  2.9995e-19,  8.2744e-19,  ...,  8.6857e-19,
         -2.4657e-18,  1.8678e-18],
        ...,
        [-2.1136e-02, -6.0375e-02, -1.5115e-01,  ..., -6.6261e-02,
          9.7091e-02, -1.1565e-01],
        [ 7.8273e-02,  1.1918e-01, -1.9819e-02,  ..., -8.7144e-02,
         -1.5864e-01, -1.2282e-01],
        [-5.6504e-02,  8.1983e-02, -9.3026e-02,  ..., -2.6450e-02,
         -5.4551e-02, -7.5011e-02]])
item_embedding shape:  torch.Size([865, 10])
item_1ord_neighbor:  tensor([[  7,   0,   0,  ...,   1,   0,   0],
        [  0,   1,   0,  ...,   0,   0,   0],
        [  0,   2,   0,  ...,   0,   0,   0],
        ...,
        [ 97,   5,   0,  ...,   0,   0,   0],
        [467,  25,   0,  ...,   0,   0,   0],
        [ 34,  12,   0,  ...,   0,   0,   0]])
item_1ord_neighbor shape:  torch.Size([865, 8])
item_2ord_neighbor:  tensor([[    0,     0,   418,  ...,    12,     0,     0],
        [    0,     0,     3,  ...,     0,     0,     0],
        [    0,     0,    55,  ...,     0,     0,     0],
        ...,
        [    0,     0,  6387,  ...,   443,    43,   263],
        [    0,     0, 30333,  ...,  1730,   142,   798],
        [    0,     0,  2919,  ...,   144,    29,   136]])
item_2ord_neighbor shape:  torch.Size([865, 21])
item_recent:  tensor([[ 4912,  5106,  8689,  ...,     0,     0,     0],
        [58182,     0,     0,  ...,     0,     0,     0],
        [30997, 58182,     0,  ...,     0,     0,     0],
        ...,
        [57554, 59618, 59985,  ..., 69450, 69476, 69504],
        [67221, 67229, 67485,  ..., 69518, 69630, 69687],
        [37944, 42421, 45604,  ..., 66862, 68030, 69476]])
item_recent shape:  torch.Size([865, 20])
100% 150/150 [00:08<00:00, 16.98it/s]
**************************************************
test auc: 0.745128440033819, test logloss: 0.5873786504705912, test gauc: 0.72003
Test AUC: 0.7440272530659985 ± 0.0021006631889915303
Test GAUC: 0.7193059999999999 ± 0.002294659887652177
Test Logloss: 0.5872889151233177 ± 0.0013610238246920476
